1.960784313725489822e-02
2.549019607843137081e-01
7.843137254901959288e-02
2.529411764705882248e-01
3.686274509803921795e-01
5.098039215686274161e-01
7.862745098039215508e-01
8.529411764705884247e-01
8.960784313725491668e-01
8.137254901960784270e-01
8.921568627450982003e-01
9.117647058823530326e-01
8.450980392156862697e-01
9.352941176470588314e-01
9.294117647058823817e-01
9.196078431372549655e-01
9.333333333333333481e-01
9.509803921568626972e-01
9.549019607843136637e-01
9.862745098039216174e-01
9.529411764705881804e-01
9.372549019607843146e-01
9.568627450980391469e-01
9.333333333333333481e-01
9.901960784313725839e-01
9.470588235294117307e-01
9.411764705882352811e-01
9.549019607843136637e-01
9.686274509803920463e-01
9.862745098039216174e-01
9.549019607843136637e-01
9.627450980392155966e-01
9.470588235294117307e-01
9.764705882352939792e-01
9.901960784313725839e-01
9.745098039215684960e-01
9.490196078431372140e-01
9.588235294117646301e-01
9.529411764705881804e-01
1.000000000000000000e+00
9.607843137254901134e-01
1.000000000000000000e+00
9.980392156862745168e-01
9.843137254901961342e-01
9.666666666666665630e-01
9.823529411764706509e-01
9.960784313725490335e-01
9.529411764705881804e-01
9.803921568627449457e-01
9.764705882352939792e-01
