2.761401449612208570e+00
2.541251866136278181e+00
2.620069033758980925e+00
2.702456796509879133e+00
1.992385079349790145e+00
1.367147374749183797e+00
8.769487086364200490e-01
6.351976716518400456e-01
4.862764046873365720e-01
3.778809220130954216e-01
3.471027343826634248e-01
2.859166473576000844e-01
2.337348783734653490e-01
2.193391494825482346e-01
1.621982324256428798e-01
1.644654347880610268e-01
1.685902247910520679e-01
1.228572923663471539e-01
1.393540572049096204e-01
1.280104954860040167e-01
9.097984897238868551e-02
1.255301173018025518e-01
7.848227879963814990e-02
7.744755994062869908e-02
9.997913355273858882e-02
8.097078811709901291e-02
9.731534031419350472e-02
7.686536008392326480e-02
8.677888998761773554e-02
7.035115200460756446e-02
5.603441061917692478e-02
5.392669820431494898e-02
6.802526625205895794e-02
4.949497653104896477e-02
4.071930051174214860e-02
5.252702157728240950e-02
4.719938511469599918e-02
4.139810249691695809e-02
3.872821815669470064e-02
4.534366373908206571e-02
2.746520792583136833e-02
3.069104059441348301e-02
2.659031347774933746e-02
3.763664829126874695e-02
3.497474083722669491e-02
2.041056403416274811e-02
5.241886299760413481e-02
2.458935662929434204e-02
3.114661455192877654e-02
1.772851141007517409e-02
